Date and Time:                Thu Apr 18 12:06:27.913 2024
Software Version:             4.30.30000.0
Temperature (C):              -90
Model:                        DU971P_UVB
Data Type:                    Counts
Acquisition Mode:             Single Scan
Trigger Mode:                 Internal
Exposure Time (secs):         0.5
Readout Mode:                 Full Vertical Binning
Horizontal binning:           1
Extended Dynamic Range:       off
Horizontally flipped:         false
Vertical Shift Speed (usecs): 9.68
Pixel Readout Rate (MHz):     3
Baseline Clamp:               ON
Clock Amplitude:              Normal
Output Amplifier:             Conventional
Serial Number:                20367
Pre-Amplifier Gain:           4x
Spurious Noise Filter Mode:   No Filter
Photon counted:               false
Data Averaging Filter Mode:   No Filter
SR193i:
Serial Number:                SR-2646
Wavelength (nm):              660
Grating Groove Density (l/mm):300
Grating Blaze:                500nm
Input Side Slit Width (um):   1000



447.98325	296
448.24188	304
448.50052	306
448.75912	277
449.01776	286
449.2764	304
449.535	318
449.79364	322
450.05225	321
450.31085	294
450.56949	301
450.82809	303
451.0867	288
451.34531	312
451.60391	304
451.86252	310
452.12112	328
452.37973	300
452.63834	309
452.89691	311
453.15552	317
453.41412	307
453.6727	291
453.9313	299
454.18988	300
454.44846	283
454.70706	291
454.96564	311
455.22421	299
455.48279	303
455.74136	304
455.99994	276
456.25851	309
456.51709	291
456.77567	312
457.03424	286
457.29279	312
457.55136	312
457.80991	311
458.06848	305
458.32703	302
458.5856	298
458.84415	299
459.10269	303
459.36124	294
459.61978	304
459.87833	287
460.13687	297
460.39542	306
460.65396	295
460.91251	303
461.17102	295
461.42957	317
461.68811	290
461.94662	290
462.20514	281
462.46368	289
462.7222	317
462.98071	314
463.23923	318
463.49777	283
463.75629	286
464.01477	294
464.27328	296
464.5318	329
464.79031	312
465.0488	301
465.30731	313
465.56583	311
465.82431	315
466.08279	291
466.34131	317
466.59979	291
466.85828	312
467.11676	302
467.37524	302
467.63373	308
467.89221	299
468.1507	284
468.40918	303
468.66763	293
468.92612	308
469.18457	295
469.44305	307
469.70151	302
469.95999	312
470.21844	289
470.4769	299
470.73535	321
470.9938	316
471.25226	305
471.51071	298
471.76917	308
472.02759	305
472.28604	290
472.54449	287
472.80292	313
473.06137	314
473.31979	287
473.57822	293
473.83664	291
474.09506	291
474.35352	317
474.61191	285
474.87033	292
475.12875	301
475.38718	299
475.6456	302
475.90399	301
476.16241	294
476.42081	309
476.6792	314
476.93762	313
477.19601	295
477.45441	296
477.7128	283
477.97119	290
478.22958	316
478.48798	312
478.74637	300
479.00473	318
479.26312	294
479.52148	320
479.77988	303
480.03824	333
480.2966	281
480.55496	295
480.81335	302
481.07172	277
481.33005	278
481.58841	301
481.84677	287
482.10513	338
482.36346	318
482.62183	331
482.88016	321
483.13852	282
483.39685	291
483.65518	303
483.91351	304
484.17184	284
484.43018	301
484.68851	309
484.94684	307
485.20517	317
485.46347	309
485.7218	290
485.9801	298
486.23843	301
486.49673	319
486.75504	274
487.01334	305
487.27164	303
487.52994	282
487.78824	315
488.04654	288
488.30484	309
488.56311	311
488.82141	294
489.07968	293
489.33798	288
489.59625	291
489.85452	297
490.11279	297
490.37106	280
490.62933	298
490.8876	297
491.14587	311
491.40411	300
491.66238	303
491.92065	308
492.17889	286
492.43713	284
492.69537	294
492.95364	300
493.21188	294
493.47012	294
493.72833	288
493.98657	310
494.24481	296
494.50305	305
494.76126	308
495.0195	320
495.27771	294
495.53592	297
495.79413	312
496.05234	278
496.31055	325
496.56876	297
496.82697	295
497.08517	303
497.34335	294
497.60156	315
497.85974	306
498.11795	306
498.37613	307
498.63431	327
498.89249	300
499.15067	300
499.40884	325
499.66702	294
499.92517	293
500.18335	304
500.44153	299
500.69968	297
500.95782	307
501.216	286
501.47415	307
501.7323	304
501.99045	284
502.24857	278
502.50671	289
502.76486	296
503.02298	273
503.28113	301
503.53925	299
503.79739	309
504.05551	302
504.31363	274
504.57175	305
504.82986	302
505.08798	300
505.34607	301
505.60419	311
505.86227	283
506.12039	291
506.37848	299
506.63657	305
506.89465	314
507.15277	310
507.41083	299
507.66891	288
507.927	307
508.18509	280
508.44315	297
508.70123	288
508.95929	315
509.21735	313
509.4754	304
509.73346	312
509.99152	320
510.24957	281
510.50763	299
510.76569	283
511.02371	289
511.28174	299
511.53979	291
511.79782	306
512.05585	276
512.3139	300
512.5719	294
512.82996	313
513.08795	306
513.34595	288
513.60394	313
513.862	298
514.12	292
514.37799	316
514.63599	319
514.89398	310
515.15198	304
515.40997	304
515.66797	293
515.92596	283
516.1839	295
516.44189	283
516.69989	289
516.95782	297
517.21582	298
517.47375	300
517.73175	289
517.98969	284
518.24762	303
518.50562	292
518.76355	328
519.02148	299
519.27942	302
519.53735	307
519.79529	280
520.05322	302
520.31116	290
520.56909	297
520.82703	282
521.0849	297
521.34283	302
521.60077	305
521.85864	290
522.11658	288
522.37445	279
522.63239	298
522.89026	299
523.14819	309
523.40607	300
523.66394	287
523.92181	313
524.17969	289
524.43756	307
524.69543	302
524.95331	293
525.21118	293
525.46906	293
525.72693	268
525.98474	295
526.24261	299
526.50049	308
526.7583	288
527.01617	299
527.27399	285
527.5318	292
527.78967	299
528.04749	280
528.3053	289
528.56311	302
528.82098	279
529.0788	290
529.33661	298
529.59442	301
529.85217	311
530.10999	286
530.3678	313
530.62561	317
530.88336	301
531.14117	322
531.39893	289
531.65674	292
531.91449	289
532.1723	295
532.43005	291
532.68781	306
532.94556	307
533.20337	302
533.46112	277
533.71887	319
533.97662	295
534.23438	313
534.49207	279
534.74982	310
535.00757	317
535.26532	301
535.52301	300
535.78076	296
536.03845	288
536.2962	327
536.55389	302
536.81158	312
537.06934	297
537.32703	280
537.58472	284
537.84241	279
538.1001	302
538.35779	285
538.61548	279
538.87317	304
539.13086	286
539.38849	285
539.64618	313
539.90387	279
540.1615	283
540.41919	304
540.67682	294
540.93445	292
541.19214	287
541.44977	290
541.7074	311
541.96503	278
542.22266	312
542.48029	296
542.73792	309
542.99554	303
543.25317	313
543.5108	303
543.76837	312
544.026	301
544.28363	289
544.5412	291
544.79883	277
545.0564	280
545.31396	321
545.57153	291
545.82916	303
546.08673	293
546.3443	304
546.60187	306
546.85944	290
547.117	290
547.37457	307
547.63208	320
547.88965	297
548.14722	302
548.40472	289
548.66229	310
548.9198	288
549.17737	304
549.43488	295
549.69238	295
549.94989	292
550.20746	299
550.46497	299
550.72247	286
550.97998	279
551.23749	290
551.49493	312
551.75244	312
552.00995	304
552.2674	292
552.5249	276
552.78235	293
553.03986	309
553.2973	311
553.55481	305
553.81226	287
554.0697	293
554.32715	292
554.58459	309
554.84204	299
555.09949	299
555.35693	280
555.61438	294
555.87177	293
556.12921	284
556.38666	305
556.64404	299
556.90149	297
557.15887	319
557.41626	308
557.67371	298
557.93109	283
558.18848	302
558.44586	290
558.70325	306
558.96063	299
559.21802	291
559.4754	300
559.73273	300
559.99011	294
560.2475	299
560.50482	291
560.76221	298
561.01953	297
561.27686	275
561.53424	303
561.79156	307
562.04889	301
562.30621	283
562.56354	302
562.82086	312
563.07819	292
563.33551	299
563.59277	318
563.8501	309
564.10742	287
564.36469	289
564.62201	285
564.87927	285
565.13654	271
565.39386	294
565.65112	310
565.90839	300
566.16565	297
566.42291	310
566.68018	308
566.93744	296
567.19464	309
567.4519	289
567.70917	285
567.96637	289
568.22363	286
568.48083	284
568.7381	294
568.9953	296
569.2525	297
569.5097	293
569.76691	307
570.02411	304
570.28131	285
570.53851	301
570.79572	267
571.05292	298
571.31006	314
571.56726	310
571.8244	323
572.0816	295
572.33875	300
572.59589	293
572.85309	286
573.11023	301
573.36737	308
573.62451	313
573.88165	289
574.13879	310
574.39587	283
574.65302	288
574.91016	300
575.16724	290
575.42438	317
575.68146	304
575.9386	307
576.19568	293
576.45276	299
576.70984	283
576.96692	277
577.224	301
577.48108	309
577.73816	271
577.99524	305
578.25232	312
578.50934	304
578.76642	291
579.02344	306
579.28052	290
579.53754	317
579.79462	304
580.05164	313
580.30865	303
580.56567	281
580.82269	297
581.07971	298
581.33673	317
581.59369	318
581.85071	292
582.10773	296
582.36469	290
582.6217	311
582.87866	291
583.13562	279
583.39264	287
583.6496	298
583.90656	307
584.16351	301
584.42047	303
584.67743	299
584.93439	283
585.19128	302
585.44824	299
585.70514	297
585.9621	301
586.21899	316
586.47595	319
586.73285	292
586.98975	311
587.24664	289
587.50354	314
587.76044	309
588.01733	283
588.27423	304
588.53113	292
588.78796	286
589.04486	302
589.3017	294
589.55859	287
589.81543	310
590.07233	328
590.32916	295
590.586	289
590.84283	301
591.09967	307
591.35651	314
591.61334	293
591.87012	312
592.12695	299
592.38373	297
592.64056	299
592.89734	277
593.15417	291
593.41095	298
593.66772	311
593.9245	265
594.18127	317
594.43805	302
594.69482	296
594.9516	295
595.20837	304
595.46509	311
595.72186	310
595.97858	311
596.23535	322
596.49207	295
596.74878	284
597.00555	293
597.26227	294
597.51898	306
597.7757	294
598.03235	300
598.28906	309
598.54578	294
598.80243	319
599.05914	308
599.3158	279
599.57251	287
599.82916	295
600.08582	283
600.34247	293
600.59918	311
600.85583	280
601.11243	319
601.36908	291
601.62573	314
601.88239	290
602.13898	304
602.39563	314
602.65222	288
602.90881	306
603.16547	296
603.42206	301
603.67865	299
603.93524	298
604.19183	305
604.44843	302
604.70496	296
604.96155	311
605.21814	295
605.47467	307
605.73126	294
605.98779	310
606.24432	285
606.50085	280
606.75739	310
607.01392	300
607.27045	310
607.52698	293
607.78351	299
608.04004	294
608.29651	301
608.55304	304
608.80951	314
609.06604	302
609.32251	284
609.57898	305
609.83545	275
610.09192	289
610.34839	296
610.60486	302
610.86133	312
611.11774	281
611.37421	314
611.63062	292
611.88708	319
612.14349	297
612.39996	286
612.65637	313
612.91278	294
613.16919	285
613.4256	291
613.68201	281
613.93835	324
614.19476	304
614.45117	275
614.70752	301
614.96387	321
615.22028	297
615.47662	314
615.73297	304
615.98932	304
616.24567	311
616.50201	309
616.75836	303
617.01471	286
617.271	279
617.52734	273
617.78363	299
618.03998	282
618.29626	317
618.55255	297
618.80884	298
619.06512	309
619.32141	314
619.5777	292
619.83398	304
620.09027	306
620.3465	278
620.60278	289
620.85901	290
621.1153	296
621.37152	285
621.62775	296
621.88397	285
622.1402	319
622.39642	299
622.65265	298
622.90887	306
623.16504	300
623.42126	304
623.67743	287
623.93365	294
624.18982	322
624.44598	317
624.70215	296
624.95831	313
625.21448	306
625.47064	304
625.72681	297
625.98291	298
626.23907	317
626.49524	300
626.75134	297
627.00745	299
627.26355	304
627.51971	300
627.77582	294
628.03192	311
628.28796	319
628.54407	305
628.80017	307
629.05627	275
629.31232	292
629.56836	283
629.82446	288
630.08051	304
630.33655	291
630.59259	301
630.84863	285
631.10468	282
631.36072	325
631.6167	318
631.87274	305
632.12878	291
632.38477	293
632.64075	292
632.89679	298
633.15277	299
633.40875	308
633.66473	317
633.92072	295
634.17664	302
634.43262	300
634.6886	285
634.94452	299
635.2005	288
635.45642	294
635.71234	309
635.96826	316
636.22418	293
636.4801	311
636.73602	302
636.99194	290
637.24786	298
637.50372	316
637.75964	306
638.0155	283
638.27136	291
638.52722	297
638.78314	284
639.039	311
639.29486	290
639.55066	295
639.80652	284
640.06238	288
640.31818	288
640.57404	314
640.82983	313
641.08563	300
641.34149	297
641.59729	288
641.85309	288
642.10889	275
642.36462	289
642.62042	281
642.87622	318
643.13196	308
643.38776	299
643.64349	297
643.89923	294
644.15497	321
644.41071	319
644.66644	292
644.92218	285
645.17792	287
645.43359	295
645.68933	292
645.94507	302
646.20074	283
646.45642	310
646.7121	290
646.96777	279
647.22345	288
647.47913	286
647.7348	282
647.99048	306
648.24609	284
648.50177	298
648.75739	298
649.01306	311
649.26868	311
649.52429	291
649.77991	317
650.03552	294
650.29114	288
650.54669	291
650.80231	310
651.05792	316
651.31348	302
651.56903	286
651.82465	282
652.0802	320
652.33575	303
652.59131	290
652.84686	297
653.10236	303
653.35791	296
653.61346	291
653.86896	297
654.12445	300
654.38	302
654.6355	292
654.89099	297
655.14648	305
655.40198	296
655.65741	285
655.9129	302
656.1684	299
656.42383	312
656.67926	300
656.93475	311
657.19019	289
657.44562	293
657.70105	280
657.95648	316
658.21191	299
658.46729	300
658.72272	299
658.97809	309
659.23352	304
659.48889	303
659.74426	276
659.99963	312
660.255	299
660.51038	310
660.76575	283
661.02106	304
661.27643	309
661.53174	290
661.78711	288
662.04242	289
662.29773	298
662.55304	306
662.80835	289
663.06366	313
663.31897	301
663.57428	293
663.82953	307
664.08484	321
664.34009	302
664.59534	310
664.85059	288
665.10583	283
665.36108	305
665.61633	294
665.87158	303
666.12677	313
666.38202	309
666.63721	298
666.89246	285
667.14764	313
667.40283	308
667.65802	305
667.91321	278
668.1684	306
668.42358	323
668.67871	322
668.9339	292
669.18903	308
669.44415	306
669.69934	303
669.95447	308
670.20959	305
670.46466	283
670.71979	295
670.97491	298
671.22998	292
671.48511	285
671.74017	290
671.9953	298
672.25037	302
672.50543	293
672.7605	303
673.0155	309
673.27057	276
673.52563	291
673.78064	304
674.03571	301
674.29071	282
674.54572	307
674.80072	295
675.05573	282
675.31073	297
675.56573	299
675.82074	302
676.07568	301
676.33069	283
676.58563	292
676.84058	268
677.09552	284
677.35046	286
677.60541	289
677.86035	291
678.1153	276
678.37024	308
678.62512	294
678.88	302
679.13495	287
679.38983	308
679.64471	300
679.8996	301
680.15448	298
680.40936	302
680.66418	288
680.91907	298
681.17389	290
681.42871	304
681.68359	304
681.93842	291
682.19324	287
682.44806	294
682.70282	283
682.95764	295
683.21246	283
683.46722	285
683.72205	287
683.97681	283
684.23157	319
684.48633	297
684.74109	288
684.99585	286
685.25055	290
685.50531	289
685.76001	299
686.01477	297
686.26947	299
686.52417	272
686.77887	297
687.03357	298
687.28827	289
687.54297	281
687.79761	323
688.05231	314
688.30695	289
688.56158	302
688.81628	276
689.07092	296
689.32556	277
689.58014	297
689.83478	306
690.08942	294
690.34399	299
690.59863	304
690.85321	317
691.10779	325
691.36237	310
691.61694	283
691.87152	292
692.1261	295
692.38062	312
692.63519	305
692.88971	286
693.14423	295
693.39874	278
693.65326	300
693.90778	287
694.16229	303
694.41681	284
694.67133	303
694.92578	307
695.18024	323
695.43475	296
695.68921	290
695.94366	320
696.19812	292
696.45258	308
696.70697	312
696.96143	311
697.21582	292
697.47028	295
697.72467	314
697.97906	290
698.23346	300
698.48785	284
698.74225	303
698.99658	305
699.25098	293
699.50531	317
699.7597	297
700.01404	286
700.26837	305
700.52271	291
700.77704	287
701.03137	301
701.28564	299
701.53998	306
701.79425	307
702.04858	284
702.30286	308
702.55713	297
702.8114	298
703.06567	292
703.31989	297
703.57416	281
703.82843	287
704.08264	295
704.33685	289
704.59106	285
704.84528	313
705.09949	303
705.3537	314
705.60791	269
705.86206	294
706.11627	281
706.37042	306
706.62457	293
706.87878	298
707.13293	320
707.38702	314
707.64117	310
707.89532	319
708.14941	301
708.40356	291
708.65765	277
708.91174	284
709.16583	306
709.41992	290
709.67401	298
709.9281	294
710.18213	298
710.43622	306
710.69025	301
710.94427	306
711.19836	330
711.45239	306
711.70636	308
711.96039	293
712.21442	289
712.46838	280
712.72241	289
712.97638	312
713.23035	297
713.48431	311
713.73828	300
713.99225	312
714.24622	307
714.50012	296
714.75409	287
715.008	285
715.2619	288
715.51581	294
715.76971	286
716.02362	291
716.27753	300
716.53143	267
716.78528	321
717.03912	284
717.29303	310
717.54688	280
717.80072	302
718.05457	315
718.30841	291
718.56219	286
718.81604	298
719.06982	290
719.32361	306
719.57745	294
719.83124	294
720.08502	310
720.33875	299
720.59253	293
720.84631	284
721.10004	317
721.35376	290
721.60754	279
721.86127	309
722.11499	303
722.36871	303
722.62238	302
722.8761	298
723.12976	285
723.38348	276
723.63715	309
723.89081	288
724.14447	282
724.39813	304
724.65179	289
724.9054	302
725.15906	296
725.41266	314
725.66626	306
725.91992	304
726.17352	310
726.42706	301
726.68066	314
726.93427	285
727.18781	279
727.44141	308
727.69495	291
727.94849	310
728.20203	312
728.45557	305
728.70911	302
728.96259	299
729.21613	307
729.4696	313
729.72314	285
729.97662	297
730.2301	316
730.48358	307
730.73706	294
730.99048	274
731.24396	304
731.49738	318
731.75079	312
732.00427	282
732.25769	296
732.51105	290
732.76447	298
733.01788	305
733.27124	301
733.52466	299
733.77802	308
734.03137	291
734.28473	311
734.53809	277
734.79144	297
735.0448	305
735.2981	297
735.55145	294
735.80475	294
736.05804	308
736.31134	314
736.56464	294
736.81793	309
737.07117	302
737.32446	319
737.5777	320
737.83093	295
738.08423	284
738.33746	309
738.59064	289
738.84387	298
739.09711	294
739.35028	281
739.60352	308
739.85669	294
740.10986	296
740.36304	297
740.61621	282
740.86938	295
741.1225	283
741.37567	303
741.62878	302
741.8819	295
742.13501	299
742.38812	272
742.64124	307
742.89435	319
743.1474	302
743.40051	303
743.65356	275
743.90662	291
744.15967	290
744.41272	312
744.66577	299
744.91882	303
745.17181	313
745.42487	312
745.67786	286
745.93085	283
746.18384	278
746.43683	318
746.68982	302
746.94275	278
747.19574	291
747.44867	293
747.7016	283
747.95453	291
748.20746	286
748.46039	281
748.71332	290
748.96625	294
749.21912	294
749.47198	303
749.72491	289
749.97778	304
750.23059	295
750.48346	295
750.73633	298
750.98914	315
751.242	292
751.49481	293
751.74762	303
752.00043	294
752.25323	308
752.50604	289
752.75879	318
753.0116	300
753.26434	297
753.51715	304
753.7699	291
754.02264	293
754.27533	296
754.52808	302
754.78082	299
755.03351	290
755.28619	300
755.53888	308
755.79156	282
756.04425	308
756.29694	277
756.54962	296
756.80225	276
757.05493	271
757.30756	308
757.56018	307
757.81281	322
758.06543	309
758.31799	294
758.57062	288
758.82318	297
759.07581	290
759.32837	284
759.58093	298
759.8335	299
760.086	307
760.33856	289
760.59106	290
760.84363	307
761.09613	321
761.34863	301
761.60114	304
761.85364	292
762.10608	302
762.35858	300
762.61102	301
762.86346	296
763.11597	288
763.36841	318
763.62079	324
763.87323	315
764.12567	303
764.37805	302
764.63043	302
764.88287	285
765.13525	289
765.38763	301
765.63995	286
765.89233	290
766.14465	291
766.39703	298
766.64935	303
766.90167	286
767.15399	289
767.40631	284
767.65857	294
767.91089	283
768.16315	303
768.41547	298
768.66772	313
768.91998	291
769.17218	298
769.42444	293
769.6767	325
769.92889	287
770.18109	303
770.43335	302
770.68555	291
770.93768	284
771.18988	284
771.44208	282
771.69421	297
771.94641	292
772.19855	276
772.45068	286
772.70282	306
772.9549	299
773.20703	302
773.45911	296
773.71124	305
773.96332	299
774.21539	298
774.46747	285
774.71954	305
774.97156	297
775.22363	308
775.47565	297
775.72772	282
775.97974	295
776.23175	299
776.4837	301
776.73572	296
776.98773	300
777.23969	312
777.49164	296
777.74359	289
777.99554	301
778.2475	288
778.49945	298
778.75134	287
779.0033	289
779.25519	286
779.50708	295
779.75897	305
780.01086	301
780.2627	291
780.51459	304
780.76642	297
781.01831	306
781.27014	301
781.52197	310
781.7738	299
782.02557	293
782.2774	294
782.52917	298
782.78101	304
783.03278	305
783.28455	299
783.53625	300
783.78802	298
784.03979	290
784.2915	303
784.54321	301
784.79498	288
785.04669	305
785.29834	302
785.55005	314
785.80176	286
786.05341	290
786.30505	317
786.5567	294
786.80835	276
787.06	298
787.31165	299
787.56323	285
787.81488	292
788.06647	301
788.31805	307
788.56964	293
788.82123	284
789.07281	292
789.32434	303
789.57593	318
789.82745	313
790.07898	320
790.33051	300
790.58203	293
790.8335	302
791.08502	298
791.33649	297
791.58795	302
791.83948	300
792.09088	282
792.34235	309
792.59381	308
792.84521	305
793.09668	303
793.34808	292
793.59949	307
793.85089	304
794.10229	307
794.35364	299
794.60504	291
794.85638	301
795.10773	304
795.35907	277
795.61041	312
795.86176	308
796.1131	289
796.36438	288
796.61566	283
796.86694	280
797.11823	299
797.36951	280
797.62079	298
797.87207	297
798.12329	291
798.37451	287
798.62573	292
798.87695	321
799.12817	295
799.37939	295
799.63055	294
799.88177	295
800.13293	314
800.38409	294
800.63525	304
800.88641	293
801.13751	287
801.38867	321
801.63977	279
801.89087	298
802.14197	308
802.39307	294
802.64417	300
802.89526	285
803.1463	311
803.39734	308
803.64844	304
803.89948	281
804.15045	281
804.40149	276
804.65253	291
804.9035	311
805.15448	313
805.40546	292
805.65643	309
805.90741	292
806.15839	306
806.4093	309
806.66028	294
806.91119	284
807.16211	298
807.41302	302
807.66388	297
807.91479	285
808.16565	301
808.41656	310
808.66742	300
808.91827	313
809.16913	291
809.41992	298
809.67078	276
809.92157	286
810.17236	301
810.42316	296
810.67395	288
810.92474	304
811.17554	291
811.42627	290
811.67706	296
811.9278	312
812.17853	297
812.42926	320
812.67993	304
812.93066	278
813.18134	309
813.43201	303
813.68268	302
813.93335	304
814.18402	286
814.43469	286
814.6853	298
814.93597	300
815.18658	299
815.43719	286
815.68781	299
815.93835	296
816.18896	302
816.43951	297
816.69012	297
816.94067	282
817.19122	310
817.44171	312
817.69226	296
817.94275	331
818.1933	296
818.44379	277
818.69427	281
818.94476	303
819.19519	301
819.44568	310
819.69611	297
819.94659	291
820.19702	302
820.44745	306
820.69781	306
820.94824	317
821.19861	281
821.44904	303
821.6994	294
821.94977	305
822.20013	278
822.45044	292
822.70081	284
822.95111	306
823.20142	309
823.45172	301
823.70203	291
823.95233	283
824.20264	281
824.45288	317
824.70313	277
824.95337	317
825.20361	292
825.45386	291
825.7041	282
825.95428	313
826.20453	291
826.45471	315
826.7049	310
826.95508	314
827.2052	306
827.45538	298
827.70551	287
827.95563	287
828.20575	292
828.45587	309
828.70599	283
828.95612	283
829.20618	299
829.45624	307
829.7063	285
829.95636	303
830.20642	292
830.45648	292
830.70648	326
830.95654	273
831.20654	299
831.45654	266
831.70654	296
831.95648	299
832.20648	312
832.45642	290
832.70636	299
832.9563	289
833.20624	316
833.45618	302
833.70612	299
833.95599	311
834.20587	277
834.45575	296
834.70563	291
834.95551	294
835.20532	293
835.4552	271
835.70502	289
835.95483	301
836.20465	298
836.45447	302
836.70428	306
836.95404	311
837.2038	299
837.45361	307
837.70337	294
837.95306	282
838.20282	293
838.45258	290
838.70227	296
838.95197	293
839.20166	299
839.45135	318
839.70105	309
839.95068	293
840.20032	303
840.45001	299
840.69965	316
840.94928	317
841.19885	287
841.44849	321
841.69806	296
841.94763	304
842.19727	300
842.44678	299
842.69635	298
842.94592	298
843.19543	291
843.44495	300
843.69446	305
843.94397	309
844.19348	320
844.44299	302
844.69244	313
844.94189	298
845.19141	305
845.4408	285
845.69025	286
845.9397	309
846.18909	286
846.43854	316
846.68793	293
846.93732	327
847.18665	310
847.43604	294
847.68536	305
847.93475	292
848.18408	303
848.43341	303
848.68274	316
848.93201	295
849.18134	304
849.4306	298
849.67987	286
849.92914	293
850.17841	306
850.42767	284
850.67688	291
850.92609	313
851.17529	275
851.4245	287
851.67371	276
851.92291	319
852.17206	302
852.42126	297
852.67041	289
852.91956	302
853.1687	303
853.41779	322
853.66693	295
853.91602	324
854.1651	298
854.41418	317
854.66327	297
854.91229	303
855.16138	287
855.4104	302
855.65942	303
