Date and Time:                Wed May 15 15:03:02.787 2024
Software Version:             4.30.30000.0
Temperature (C):              -90
Model:                        DU971P_UVB
Data Type:                    Counts
Acquisition Mode:             Single Scan
Trigger Mode:                 Internal
Exposure Time (secs):         1
Readout Mode:                 Full Vertical Binning
Horizontal binning:           1
Extended Dynamic Range:       off
Horizontally flipped:         false
Vertical Shift Speed (usecs): 9.68
Pixel Readout Rate (MHz):     3
Baseline Clamp:               ON
Clock Amplitude:              Normal
Output Amplifier:             Conventional
Serial Number:                20367
Pre-Amplifier Gain:           4x
Spurious Noise Filter Mode:   No Filter
Photon counted:               false
Data Averaging Filter Mode:   No Filter
SR193i:
Serial Number:                SR-2646
Wavelength (nm):              630
Grating Groove Density (l/mm):300
Grating Blaze:                500nm
Input Side Slit Width (um):   1000



417.6445	58776
417.9035	59455
418.16251	59920
418.42151	60182
418.68048	60660
418.93948	61166
419.19846	61247
419.45746	61215
419.71643	61262
419.97543	61267
420.23441	61283
420.49341	61293
420.75238	61312
421.01135	61320
421.27032	61318
421.5293	61397
421.78827	61344
422.04724	61935
422.30621	65535
422.56519	65535
422.82416	6010
423.08313	0
423.34207	0
423.60104	0
423.85999	0
424.11896	0
424.3779	0
424.63687	0
424.89581	0
425.15475	0
425.41373	0
425.67267	0
425.93161	0
426.19055	0
426.44949	0
426.70844	0
426.96738	0
427.22629	0
427.48523	0
427.74417	0
428.00308	0
428.26202	0
428.52094	0
428.77988	0
429.03879	0
429.2977	0
429.55664	0
429.81555	0
430.07446	0
430.33337	0
430.59229	0
430.8512	0
431.11011	0
431.36899	0
431.6279	0
431.88681	0
432.14569	0
432.4046	0
432.66348	0
432.92239	0
433.18127	0
433.44016	0
433.69907	0
433.95795	0
434.21683	0
434.47571	0
434.73459	0
434.99347	0
435.25232	0
435.5112	0
435.77008	0
436.02896	0
436.28781	0
436.54669	0
436.80554	0
437.06439	0
437.32327	0
437.58212	0
437.84097	0
438.09982	0
438.35867	0
438.61752	0
438.87637	0
439.13522	0
439.39404	0
439.65289	0
439.91174	0
440.17056	0
440.42941	0
440.68823	0
440.94705	0
441.20587	0
441.46472	0
441.72354	0
441.98236	0
442.24118	0
442.5	0
442.75879	0
443.01761	0
443.27643	0
443.53522	0
443.79404	0
444.05283	0
444.31165	0
444.57043	0
444.82922	0
445.08801	0
445.34683	0
445.60562	0
445.86441	0
446.12317	0
446.38196	0
446.64075	0
446.89954	0
447.15829	0
447.41708	0
447.67584	0
447.9346	0
448.19339	0
448.45215	0
448.71091	0
448.96967	0
449.22842	0
449.48718	59261
449.74594	60575
450.00467	60464
450.26343	59792
450.52219	59588
450.78091	59281
451.03967	58702
451.2984	58302
451.55713	57800
451.81589	57566
452.07462	56937
452.33334	56748
452.59207	55514
452.8508	54999
453.1095	54431
453.36823	53827
453.62695	53503
453.88565	52308
454.14438	51325
454.40308	50880
454.6618	49995
454.9205	50328
455.1792	49723
455.4379	49722
455.69659	48862
455.95529	48329
456.21399	47282
456.47269	47185
456.73138	46524
456.99005	46670
457.24875	45815
457.50742	45762
457.76611	44800
458.02478	44816
458.28345	44351
458.54211	44404
458.80078	44321
459.05945	43831
459.31812	43617
459.57678	43120
459.83545	43305
460.09409	42918
460.35275	43092
460.61139	42543
460.87006	42249
461.12869	42314
461.38733	42506
461.64597	41968
461.9046	42257
462.16324	42067
462.42188	41686
462.68051	42131
462.93915	41624
463.19775	41863
463.45639	41881
463.715	42265
463.97363	41904
464.23224	41877
464.49084	42152
464.74945	41636
465.00806	41680
465.26666	41683
465.52527	41559
465.78387	41956
466.04248	41859
466.30106	41408
466.55966	41579
466.81824	42003
467.07684	41716
467.33542	41324
467.59399	42072
467.85257	42298
468.11115	41802
468.36972	42246
468.6283	42392
468.88684	42580
469.14542	42747
469.40399	42669
469.66254	43368
469.92108	43418
470.17966	43196
470.4382	43179
470.69675	43465
470.95529	43742
471.21384	43306
471.47238	44086
471.7309	43811
471.98944	43987
472.24799	44304
472.5065	44481
472.76501	44757
473.02356	44885
473.28207	44704
473.54059	44920
473.7991	45115
474.05762	44845
474.31613	45520
474.57462	45960
474.83313	45318
475.09161	45609
475.35013	45574
475.60861	45823
475.8671	46010
476.12561	46100
476.38409	45969
476.64258	46195
476.90106	46032
477.15952	45908
477.418	46749
477.67648	46694
477.93494	45874
478.19339	46897
478.45187	46513
478.71033	46472
478.96878	46944
479.22723	46681
479.48569	46729
479.74414	47311
480.00259	46934
480.26102	46760
480.51947	46889
480.77789	47098
481.03635	46717
481.29477	46856
481.55319	47163
481.81161	47014
482.07004	46654
482.32846	46908
482.58688	46767
482.84528	46580
483.1037	46840
483.36209	46962
483.62051	46864
483.87891	46623
484.1373	47118
484.39569	46766
484.65408	46565
484.91248	46725
485.17087	46741
485.42923	46617
485.68762	46604
485.94598	47024
486.20438	46691
486.46274	46799
486.7211	46517
486.97946	46538
487.23782	46528
487.49619	46461
487.75455	46737
488.01291	45986
488.27124	46698
488.5296	46433
488.78793	46382
489.04626	46092
489.3046	46151
489.56293	46548
489.82126	46484
490.07959	45832
490.33792	46221
490.59622	46067
490.85455	46074
491.11285	46259
491.37119	45982
491.62949	46353
491.88779	46103
492.14609	46213
492.40439	45872
492.66269	45408
492.92096	45564
493.17926	45982
493.43756	45214
493.69583	45495
493.9541	45731
494.21237	45389
494.47064	45505
494.72891	45918
494.98718	45434
495.24545	45037
495.50372	45073
495.76196	45481
496.0202	45137
496.27847	45383
496.53671	45540
496.79495	45611
497.05319	45418
497.31143	44616
497.56967	45128
497.82788	45103
498.08612	45194
498.34433	45124
498.60257	45024
498.86078	44903
499.11899	45329
499.3772	44703
499.63541	45136
499.89362	44715
500.15179	44946
500.41	45011
500.66818	44728
500.92639	44668
501.18457	44665
501.44275	44685
501.70093	44389
501.95911	44895
502.21729	44642
502.47546	44393
502.73361	44533
502.99179	44045
503.24994	44465
503.50809	44253
503.76624	44011
504.02438	44280
504.28253	44017
504.54068	44274
504.79883	44013
505.05695	43870
505.31509	44124
505.57321	43812
505.83133	43839
506.08945	43877
506.34756	43471
506.60568	43659
506.8638	44019
507.12192	43206
507.38	43566
507.63812	43555
507.89621	43292
508.1543	43297
508.41238	43304
508.67047	42831
508.92856	42865
509.18665	42819
509.4447	42543
509.70279	42589
509.96085	42922
510.2189	42787
510.47699	42733
510.73505	42724
510.9931	43093
511.25113	42586
511.50919	42711
511.76724	42441
512.02527	42532
512.28333	42195
512.54132	42037
512.79938	42651
513.05737	41928
513.31543	42488
513.57343	42318
513.83142	41682
514.08948	41949
514.34747	41900
514.60547	42064
514.86346	42018
515.12146	41654
515.37946	41494
515.63745	41635
515.89545	41508
516.15338	41331
516.41138	41885
516.66937	41034
516.92731	41468
517.1853	41766
517.44324	41258
517.70123	41227
517.95917	41170
518.2171	41128
518.4751	40669
518.73303	40759
518.99097	40772
519.2489	40707
519.50684	40255
519.76477	40385
520.02271	40272
520.28058	40390
520.53851	40439
520.79645	40206
521.05432	39805
521.31226	39689
521.57013	39755
521.82806	40110
522.08594	39388
522.34381	39245
522.60175	39732
522.85962	39443
523.11749	39527
523.37537	39469
523.63324	39301
523.89111	39246
524.14899	38903
524.40686	38972
524.66467	38675
524.92255	38787
525.18036	38672
525.43823	38307
525.69604	38450
525.95392	38216
526.21173	38136
526.4696	38567
526.72742	37914
526.98523	37982
527.24304	37811
527.50085	38134
527.75867	37749
528.01648	37550
528.27429	37230
528.53204	37933
528.78986	37599
529.04767	37099
529.30542	37359
529.56323	37532
529.82098	37094
530.0788	37213
530.33655	37075
530.5943	36819
530.85205	37106
531.10986	36647
531.36761	36629
531.62537	36794
531.88312	36750
532.14081	36288
532.39856	36268
532.65631	35994
532.91406	35952
533.17175	36010
533.4295	36487
533.68719	35863
533.94495	36167
534.20264	35880
534.46033	35365
534.71802	35607
534.97571	35260
535.2334	35529
535.49109	35419
535.74878	35063
536.00647	35481
536.26416	35199
536.52185	35033
536.77948	35173
537.03717	34683
537.29486	34749
537.55249	34759
537.81012	34501
538.06781	34725
538.32544	34282
538.58307	34004
538.8407	34422
539.09833	34159
539.35596	34288
539.61359	33856
539.87122	33854
540.12885	33822
540.38647	33553
540.64404	33821
540.90167	33540
541.15924	33320
541.41687	33250
541.67444	33316
541.93201	33509
542.18964	33113
542.4472	33180
542.70477	32980
542.96234	32679
543.21991	32468
543.47748	32514
543.73499	32548
543.99255	32887
544.25012	32204
544.50763	32514
544.7652	32161
545.02271	32278
545.28027	32002
545.53778	32013
545.79529	31880
546.05286	31925
546.31036	31647
546.56787	31524
546.82538	31584
547.08289	31395
547.34033	31350
547.59784	31260
547.85535	31106
548.11279	31423
548.3703	31183
548.62775	31017
548.88525	31148
549.1427	30945
549.40015	30827
549.65765	30799
549.9151	30508
550.17255	30710
550.42999	30456
550.68744	30674
550.94482	30041
551.20227	30180
551.45972	30284
551.7171	30087
551.97455	30146
552.23193	29901
552.48938	29840
552.74677	29534
553.00415	29834
553.2616	29495
553.51898	29471
553.77637	29335
554.03375	29106
554.29114	28861
554.54846	29314
554.80585	28951
555.06323	29291
555.32056	29041
555.57794	28585
555.83527	28773
556.09265	28980
556.34998	28588
556.6073	28565
556.86462	28345
557.12195	28179
557.37927	28671
557.6366	28152
557.89392	27847
558.15125	27818
558.40857	28006
558.66583	27875
558.92316	28051
559.18042	27864
559.43774	27658
559.69501	27721
559.95227	27538
560.20953	27482
560.4668	27388
560.72406	27574
560.98132	27436
561.23859	27064
561.49585	26825
561.75311	27295
562.01031	27094
562.26758	26721
562.52478	26561
562.78204	26499
563.03925	26552
563.29651	26352
563.55371	26695
563.81091	26594
564.06812	26377
564.32532	26444
564.58252	26194
564.83966	26327
565.09686	26130
565.35406	26119
565.61121	26240
565.86841	25873
566.12555	25926
566.38275	25629
566.63989	25928
566.89703	25311
567.15417	25671
567.41132	25305
567.66846	25431
567.9256	25363
568.18274	25240
568.43988	25118
568.69696	25195
568.9541	24776
569.21118	24944
569.46832	24824
569.7254	24719
569.98248	24685
570.23956	24321
570.4967	24367
570.75378	24662
571.01086	24243
571.26788	23932
571.52496	24064
571.78204	24427
572.03906	24090
572.29614	23878
572.55316	24046
572.81024	23894
573.06726	23787
573.32428	23767
573.58136	23637
573.83838	23705
574.0954	23592
574.35236	23515
574.60938	23408
574.86639	23475
575.12341	23433
575.38037	23393
575.63739	23300
575.89435	23069
576.15137	23423
576.40833	23106
576.66528	23076
576.92224	22771
577.1792	22813
577.43616	23105
577.69312	22694
577.95007	22700
578.20697	22503
578.46393	22596
578.72089	22885
578.97778	22349
579.23468	22505
579.49164	22644
579.74854	22251
580.00543	22130
580.26233	22496
580.51923	22034
580.77612	22122
581.03302	22261
581.28986	22000
581.54675	21790
581.80359	21949
582.06049	21849
582.31732	21615
582.57422	21714
582.83105	21645
583.08789	21724
583.34473	21463
583.60156	21446
583.8584	21230
584.11523	21645
584.37201	21159
584.62885	21057
584.88568	21074
585.14246	21251
585.39923	21131
585.65607	21215
585.91284	20811
586.16962	20629
586.42639	20903
586.68317	20579
586.93994	20488
587.19672	20679
587.45343	20722
587.71021	20680
587.96698	20494
588.22369	20686
588.48041	20562
588.73718	20354
588.9939	20539
589.25061	20628
589.50732	19839
589.76404	20119
590.02075	20301
590.27747	20215
590.53412	20209
590.79083	19896
591.04755	19946
591.3042	19897
591.56085	19721
591.81757	19583
592.07422	19946
592.33087	19775
592.58752	19799
592.84418	19906
593.10083	19641
593.35742	19390
593.61407	19276
593.87073	19109
594.12732	19221
594.38391	19169
594.64056	19362
594.89716	18861
595.15375	19054
595.41034	19121
595.66693	18974
595.92352	18845
596.18011	18720
596.43671	18960
596.69324	18663
596.94983	18772
597.20636	18830
597.46289	18582
597.71948	18544
597.97601	18654
598.23254	18375
598.48907	18341
598.74561	18448
599.00214	18609
599.25861	18026
599.51514	18299
599.77167	18064
600.02814	17937
600.28461	18217
600.54114	18190
600.79761	17759
601.05408	17761
601.31055	17833
601.56702	17655
601.82349	17936
602.07996	17759
602.33636	17827
602.59283	17773
602.84924	17489
603.10571	17462
603.36212	17643
603.61853	17265
603.87494	17429
604.13135	17081
604.38776	17375
604.64417	17132
604.90057	17210
605.15698	17249
605.41333	16975
605.66974	17114
605.92609	17352
606.1825	17056
606.43884	17144
606.69519	17048
606.95154	16659
607.20789	16751
607.46423	16834
607.72058	16933
607.97687	16880
608.23322	16738
608.4895	16909
608.74585	16401
609.00214	16516
609.25842	16444
609.51471	16412
609.771	16551
610.02728	16455
610.28357	16392
610.53986	16350
610.79614	16443
611.05237	16072
611.30865	15984
611.56488	16066
611.82111	16291
612.07739	15926
612.33362	15882
612.58984	15934
612.84607	16150
613.10223	15896
613.35846	15930
613.61469	15548
613.87085	15855
614.12708	15709
614.38324	15776
614.63947	15774
614.89563	15615
615.15179	15648
615.40796	15625
615.66412	15526
615.92023	15403
616.17639	15277
616.43256	15347
616.68866	15325
616.94482	15496
617.20093	15378
617.45703	15255
617.71313	15253
617.9693	15263
618.22534	15041
618.48145	15037
618.73755	15070
618.99365	15074
619.24969	14857
619.5058	14804
619.76184	15031
620.01788	14955
620.27399	14852
620.53003	14709
620.78607	14797
621.04211	14563
621.2981	14373
621.55414	14843
621.81018	14565
622.06616	14602
622.3222	14501
622.57819	14430
622.83417	14697
623.09015	14377
623.34613	14449
623.60211	14408
623.85809	14346
624.11407	14452
624.37006	14426
624.62598	14378
624.88196	14288
625.13788	14269
625.3938	14190
625.64972	14167
625.9057	14175
626.16162	14185
626.41748	14017
626.6734	14058
626.92932	14019
627.18518	13799
627.4411	13988
627.69696	13961
627.95288	13872
628.20874	14004
628.4646	13814
628.72046	13647
628.97632	13530
629.23218	13689
629.48798	13397
629.74384	13677
629.99963	13437
630.25549	13646
630.51129	13548
630.76709	13576
631.02289	13389
631.27869	13486
631.53448	13278
631.79028	13316
632.04608	13413
632.30182	13242
632.55762	13252
632.81335	13353
633.06915	13192
633.32489	13093
633.58063	13148
633.83636	12996
634.0921	12925
634.34784	13195
634.60352	12873
634.85925	12818
635.11493	12869
635.37067	12987
635.62634	12688
635.88202	12668
636.1377	12728
636.39337	12638
636.64905	12724
636.90472	12622
637.1604	12599
637.41602	12541
637.67169	12519
637.92731	12440
638.18298	12404
638.4386	12394
638.69421	12427
638.94983	12454
639.20544	12360
639.46106	12361
639.71661	12282
639.97223	12213
640.22778	12215
640.4834	12321
640.73895	12225
640.99451	11937
641.25006	12337
641.50562	12125
641.76117	12086
642.01672	11891
642.27222	12089
642.52777	11972
642.78326	11960
643.03882	11831
643.29431	11660
643.5498	11949
643.8053	11725
644.06079	11617
644.31628	11673
644.57178	11657
644.82721	11771
645.0827	11545
645.33813	11410
645.59357	11591
645.84906	11565
646.10449	11612
646.35992	11303
646.61536	11567
646.87073	11208
647.12616	11236
647.38159	11439
647.63696	11456
647.8924	11153
648.14777	11291
648.40314	11011
648.65851	11354
648.91388	11200
649.16925	11215
649.42462	11185
649.67993	11072
649.9353	10981
650.19061	11035
650.44592	10743
650.70129	11144
650.9566	10862
651.21191	10950
651.46722	10739
651.72247	10803
651.97778	10936
652.23309	10791
652.48834	10642
652.74365	10672
652.9989	10509
653.25415	10633
653.5094	10403
653.76465	10474
654.0199	10471
654.27509	10386
654.53033	10539
654.78558	10364
655.04077	10223
655.29596	10365
655.55115	10466
655.80634	10351
656.06152	10137
656.31671	10244
656.5719	10248
656.82709	10273
657.08221	10245
657.3374	10108
657.59253	10172
657.84766	9952
658.10278	10034
658.35791	9861
658.61304	10268
658.86816	9910
659.12329	9957
659.37836	9965
659.63348	9680
659.88855	9828
660.14362	9914
660.39868	9631
660.65375	9891
660.90881	9666
661.16388	9772
661.41895	9582
661.67395	9588
661.92902	9536
662.18402	9627
662.43903	9579
662.69403	9563
662.94904	9591
663.20404	9529
663.45905	9424
663.71405	9396
663.96899	9330
664.224	9297
664.47894	9292
664.73395	9327
664.98889	9087
665.24384	9272
665.49878	9072
665.75366	9214
666.00861	9127
666.26355	9122
666.51843	9111
666.77338	8996
667.02826	8893
667.28314	8972
667.53802	9134
667.79291	9048
668.04779	8867
668.30261	8914
668.5575	8816
668.81232	8923
669.0672	8772
669.32202	8690
669.57684	8674
669.83167	8759
670.08649	8804
670.34131	8602
670.59613	8668
670.85089	8482
671.10571	8504
671.36047	8448
671.61523	8559
671.87	8684
672.12476	8490
672.37952	8393
672.63428	8354
672.88904	8640
673.14374	8402
673.3985	8390
673.6532	8440
673.9079	8419
674.1626	8208
674.4173	8131
674.672	8151
674.9267	8308
675.1814	8140
675.43604	8172
675.69073	8144
675.94537	8178
676.20001	8225
676.45465	8262
676.70929	8043
676.96393	8089
677.21857	7965
677.47314	7904
677.72778	8213
677.98236	8021
678.23694	7993
678.49158	7828
678.74615	7896
679.00067	7836
679.25525	7963
679.50983	7809
679.7644	7769
680.01892	7750
680.27344	7696
680.52802	7739
680.78253	7752
681.03705	7711
681.29156	7739
681.54602	7579
681.80054	7592
682.05499	7407
682.30951	7634
682.56396	7838
682.81842	7400
683.07288	7666
683.32733	7580
683.58179	7509
683.83624	7499
684.0907	7278
684.34509	7450
684.59949	7308
684.85394	7510
685.10834	7438
685.36273	7313
685.61713	7405
685.87146	7329
686.12585	7250
686.38025	7177
686.63458	7274
686.88892	7314
687.14325	7210
687.39764	7248
687.65192	7142
687.90625	7117
688.16058	7126
688.41492	7238
688.66919	7014
688.92346	7188
689.1778	7094
689.43207	7005
689.68634	6957
689.94061	6863
690.19482	6870
690.4491	6955
690.70331	7027
690.95758	6836
691.21179	6868
691.466	6874
691.72021	6835
691.97443	6892
692.22864	6915
692.48285	6692
692.737	6909
692.99121	6786
693.24536	6686
693.49951	6756
693.75366	6759
694.00781	6713
694.26196	6748
694.51611	6605
694.7702	6748
695.02435	6577
695.27844	6643
695.53253	6527
695.78668	6623
696.04077	6440
696.2948	6466
696.54889	6445
696.80298	6639
697.05701	6456
697.3111	6483
697.56512	6504
697.81915	6370
698.07318	6425
698.32721	6328
698.58124	6391
698.83521	6367
699.08923	6284
699.3432	6393
699.59723	6360
699.8512	6467
700.10516	6301
700.35913	6380
700.61304	6170
700.867	6314
701.12097	6268
701.37488	6219
701.62878	6285
701.88275	6148
702.13666	6170
702.3905	6207
702.64441	6095
702.89832	6162
703.15222	6258
703.40607	6220
703.65991	6092
703.91376	5885
704.1676	6234
704.42145	6122
704.67529	6130
704.92914	5962
705.18292	5939
705.43677	5928
705.69055	5929
705.94434	5939
706.19812	5804
706.4519	5966
706.70569	5973
706.95947	5981
707.2132	5953
707.46698	5788
707.7207	5819
707.97443	5924
708.22815	5943
708.48187	5827
708.7356	5646
708.98932	5835
709.24298	5758
709.4967	5756
709.75037	5769
710.00403	5814
710.25769	5793
710.51135	5754
710.76501	5710
711.01868	5658
711.27228	5716
711.52594	5728
711.77954	5644
712.03314	5651
712.28674	5527
712.54034	5734
712.79395	5666
713.04755	5652
713.30109	5590
713.55469	5760
713.80823	5511
714.06177	5548
714.31531	5653
714.56885	5620
714.82239	5587
715.07587	5513
715.32941	5527
715.58289	5446
715.83643	5505
716.0899	5393
716.34338	5381
716.59686	5423
716.85028	5561
717.10376	5495
717.35718	5437
717.61066	5476
717.86407	5515
718.11749	5396
718.37091	5429
718.62433	5323
718.87775	5317
719.1311	5390
719.38452	5215
719.63788	5435
719.89124	5333
720.14459	5390
720.39795	5186
720.65131	5361
720.90466	5396
721.15796	5225
721.41132	5373
721.66461	5311
721.91791	5141
722.1712	5385
722.4245	5304
722.6778	5244
722.93103	5178
723.18433	5392
723.43756	5208
723.6908	5237
723.94409	5215
724.19733	5206
724.4505	5304
724.70374	5183
724.95697	5118
725.21014	5205
725.46338	5062
725.71655	5179
725.96973	5215
726.2229	5082
726.47607	5053
726.72919	5281
726.98236	5051
727.23547	5144
727.48859	5184
727.74176	5052
727.99487	5121
728.24792	5199
728.50104	5169
728.75415	5072
729.0072	5184
729.26031	5086
729.51337	5122
729.76642	4955
730.01947	4976
730.27252	5091
730.52551	5031
730.77856	4952
731.03156	4908
731.28461	5111
731.5376	4974
731.79059	4818
732.04358	4823
732.29651	4797
732.5495	4980
732.80243	4841
733.05542	4959
733.30835	4970
733.56128	5072
733.81421	4975
734.06714	4856
734.32001	4878
734.57294	4939
734.82581	4939
735.07874	4773
735.3316	4800
735.58447	4811
735.83734	4843
736.09015	4735
736.34302	4853
736.59583	4955
736.84869	4846
737.1015	4848
737.35431	4867
737.60712	4815
737.85992	4833
738.11267	4810
738.36548	4777
738.61823	4665
738.87103	4784
739.12378	4634
739.37653	4793
739.62921	4626
739.88196	4868
740.1347	4756
740.38739	4544
740.64008	4683
740.89282	4733
741.14551	4678
741.39813	4710
741.65082	4736
741.9035	4681
742.15613	4655
742.40881	4695
742.66144	4660
742.91406	4654
743.16669	4597
743.41925	4730
743.67188	4694
743.9245	4604
744.17706	4666
744.42963	4688
744.68219	4587
744.93475	4527
745.18732	4576
745.43988	4520
745.69238	4452
745.94495	4521
746.19745	4404
746.44995	4508
746.70245	4524
746.95496	4487
747.20746	4287
747.4599	4415
747.7124	4562
747.96484	4418
748.21729	4306
748.46973	4568
748.72217	4341
748.97461	4448
749.22699	4376
749.47943	4437
749.73181	4242
749.98419	4456
750.23657	4442
750.48895	4423
750.74133	4502
750.99365	4365
751.24603	4411
751.49835	4491
751.75067	4486
752.00299	4433
752.25531	4388
752.50763	4432
752.75995	4366
753.01221	4413
753.26453	4424
753.51678	4354
753.76904	4255
754.0213	4371
754.2735	4435
754.52576	4320
754.77802	4315
755.03021	4311
755.28241	4360
755.53461	4303
755.7868	4328
756.039	4376
756.2912	4309
756.54333	4399
756.79547	4148
757.04767	4310
757.2998	4277
757.55194	4393
757.80408	4172
758.05615	4299
758.30829	4263
758.56036	4321
758.81244	4273
759.06451	4254
759.31659	4290
759.56866	4339
759.82074	4245
760.07275	4311
760.32483	4429
760.57684	4301
760.82886	4118
761.08087	4174
761.33289	4276
761.58484	4130
761.83685	4132
762.08881	4271
762.34076	4247
762.59271	4192
762.84467	4270
763.09662	4154
763.34857	4292
763.60046	4061
763.85242	4225
764.10431	4219
764.3562	4188
764.60809	4165
764.85999	4119
765.11182	4096
765.36371	4117
765.61554	4196
765.86737	4195
766.1192	4184
766.37103	4247
766.62286	4028
766.87463	4240
767.12646	4177
767.37823	4097
767.63	4096
767.88177	4189
768.13354	4135
768.38531	4194
768.63708	4031
768.88879	4189
769.1405	4141
769.39221	4085
769.64392	4060
769.89563	4006
770.14734	4080
770.39905	4001
770.6507	4099
770.90234	4177
771.15399	4018
771.40564	4072
771.65729	4041
771.90894	4025
772.16052	3988
772.41217	3968
772.66376	3981
772.91534	3918
773.16693	4030
773.41852	3907
773.67004	3965
773.92163	3978
774.17316	3849
774.42468	3930
774.67627	4061
774.92773	3989
775.17926	4021
775.43079	3914
775.68225	3985
775.93378	3987
776.18524	3968
776.43671	3965
776.68817	3981
776.93958	3949
777.19104	3948
777.44244	3941
777.69391	3947
777.94531	3988
778.19672	3922
778.44806	3860
778.69946	3805
778.95087	3875
779.20221	3947
779.45355	3970
779.7049	3821
779.95624	3762
780.20758	3957
780.45892	3796
780.71021	3823
780.96149	3838
781.21277	3881
781.46405	3873
781.71533	3881
781.96661	3922
782.2179	3854
782.46912	3888
782.72034	3844
782.97156	3713
783.22278	3884
783.474	3776
783.72522	3825
783.97638	3849
784.2276	3703
784.47876	3866
784.72992	3691
784.98108	3857
785.23218	3829
785.48334	3800
785.7345	3929
785.9856	3736
786.23669	3841
786.48779	3878
786.73889	3818
786.98993	3904
787.24103	3844
787.49207	3765
787.74316	3937
787.9942	4003
788.24518	3966
788.49622	3893
788.74725	3975
788.99823	4022
789.24927	3988
789.50024	3978
789.75122	4135
790.0022	4011
790.25311	4062
790.50409	4133
790.755	4131
791.00592	4257
791.25684	4289
791.50775	4241
791.75867	4310
792.00958	4597
792.26044	4386
792.51129	4653
792.76221	4636
793.01306	4574
793.26385	4822
793.51471	4692
793.76556	4906
794.01636	5036
794.26715	5017
794.51794	4992
794.76874	4979
795.01953	5146
795.27032	5274
795.52106	5342
795.77179	5270
796.02252	5381
796.27325	5428
796.52399	5503
796.77472	5653
797.02539	5540
797.27612	5649
797.52679	5619
797.77747	5594
798.02814	5731
798.27875	5896
798.52942	5720
798.78003	5780
799.0307	5689
799.28131	5762
799.53192	5971
799.78253	5870
800.03308	5873
800.28369	5925
800.53424	5985
800.78479	6076
801.03534	5922
801.28589	6063
801.53644	6063
801.78693	6054
802.03741	6084
802.28796	6115
802.53845	5945
802.78894	6122
803.03937	5916
803.28986	5998
803.54028	5927
803.79077	6176
804.0412	6154
804.29163	6024
804.54199	5959
804.79242	6184
805.04279	6174
805.29321	6164
805.54358	6139
805.79395	5985
806.04431	6114
806.29462	5843
806.54498	6098
806.79529	5895
807.04559	6096
807.2959	5998
807.5462	5872
807.79651	5861
808.04681	5844
808.29706	5796
808.5473	5712
808.79755	5650
809.04779	5610
809.29803	5588
809.54828	5574
809.79846	5469
810.04865	5542
810.29883	5305
810.54901	5372
810.79919	5304
811.04938	5342
811.2995	5096
811.54962	5119
811.7998	5110
812.04993	5153
812.29999	4965
812.55011	4829
812.80023	4949
813.05029	4978
813.30035	4848
813.55042	4740
813.80048	4830
814.05054	4755
814.30054	4704
814.55054	4666
814.8006	4594
815.0506	4515
815.3006	4684
815.55054	4694
815.80054	4584
816.05048	4667
816.30042	4595
816.55042	4533
816.80029	4535
817.05023	4615
817.30017	4375
817.55005	4571
817.79993	4462
818.0498	4393
818.29968	4413
818.54956	4255
818.79944	4231
819.04926	4385
819.29907	4398
819.54895	4419
819.79877	4351
820.04852	4197
820.29834	4331
820.5481	4144
820.79791	4227
821.04767	3973
821.29742	4286
821.54712	4163
821.79688	4343
822.04663	4181
822.29633	4224
822.54602	4171
822.79572	3984
823.04541	4164
823.29504	4025
823.54474	4095
823.79437	4153
824.04401	4095
824.29364	4107
824.54327	4125
824.79291	4044
825.04248	4094
825.29211	4100
825.54169	3992
825.79126	3986
826.04077	3939
