Date and Time:                Wed May 15 15:12:24.065 2024
Software Version:             4.30.30000.0
Temperature (C):              -90
Model:                        DU971P_UVB
Data Type:                    Counts
Acquisition Mode:             Single Scan
Trigger Mode:                 Internal
Exposure Time (secs):         1
Readout Mode:                 Full Vertical Binning
Horizontal binning:           1
Extended Dynamic Range:       off
Horizontally flipped:         false
Vertical Shift Speed (usecs): 9.68
Pixel Readout Rate (MHz):     3
Baseline Clamp:               ON
Clock Amplitude:              Normal
Output Amplifier:             Conventional
Serial Number:                20367
Pre-Amplifier Gain:           4x
Spurious Noise Filter Mode:   No Filter
Photon counted:               false
Data Averaging Filter Mode:   No Filter
SR193i:
Serial Number:                SR-2646
Wavelength (nm):              630
Grating Groove Density (l/mm):300
Grating Blaze:                500nm
Input Side Slit Width (um):   1000



417.6445	12397
417.9035	12423
418.16251	12682
418.42151	13165
418.68048	13759
418.93948	14061
419.19846	14469
419.45746	14992
419.71643	15556
419.97543	16370
420.23441	16764
420.49341	17432
420.75238	18276
421.01135	20002
421.27032	21100
421.5293	23667
421.78827	28523
422.04724	41172
422.30621	60156
422.56519	61223
422.82416	61326
423.08313	65535
423.34207	65535
423.60104	0
423.85999	0
424.11896	0
424.3779	0
424.63687	0
424.89581	0
425.15475	0
425.41373	0
425.67267	0
425.93161	0
426.19055	0
426.44949	0
426.70844	0
426.96738	0
427.22629	0
427.48523	0
427.74417	0
428.00308	0
428.26202	0
428.52094	0
428.77988	0
429.03879	0
429.2977	0
429.55664	0
429.81555	0
430.07446	0
430.33337	0
430.59229	0
430.8512	0
431.11011	0
431.36899	0
431.6279	0
431.88681	0
432.14569	0
432.4046	0
432.66348	0
432.92239	0
433.18127	0
433.44016	0
433.69907	0
433.95795	0
434.21683	0
434.47571	0
434.73459	0
434.99347	0
435.25232	0
435.5112	0
435.77008	0
436.02896	0
436.28781	0
436.54669	0
436.80554	0
437.06439	0
437.32327	0
437.58212	0
437.84097	0
438.09982	0
438.35867	0
438.61752	0
438.87637	0
439.13522	0
439.39404	0
439.65289	0
439.91174	0
440.17056	0
440.42941	0
440.68823	0
440.94705	0
441.20587	0
441.46472	0
441.72354	0
441.98236	0
442.24118	0
442.5	0
442.75879	0
443.01761	0
443.27643	0
443.53522	0
443.79404	0
444.05283	0
444.31165	0
444.57043	0
444.82922	0
445.08801	0
445.34683	0
445.60562	0
445.86441	0
446.12317	0
446.38196	0
446.64075	0
446.89954	0
447.15829	48599
447.41708	0
447.67584	14788
447.9346	15836
448.19339	15503
448.45215	15280
448.71091	14878
448.96967	14517
449.22842	14467
449.48718	14014
449.74594	14014
450.00467	13848
450.26343	13590
450.52219	13402
450.78091	13515
451.03967	12773
451.2984	13163
451.55713	12648
451.81589	12486
452.07462	12558
452.33334	12236
452.59207	12216
452.8508	12098
453.1095	12027
453.36823	11926
453.62695	11468
453.88565	11626
454.14438	11509
454.40308	11382
454.6618	11309
454.9205	11263
455.1792	11313
455.4379	11239
455.69659	10872
455.95529	10940
456.21399	10889
456.47269	10926
456.73138	10746
456.99005	10806
457.24875	10577
457.50742	10624
457.76611	10463
458.02478	10465
458.28345	10519
458.54211	10143
458.80078	10246
459.05945	10572
459.31812	10531
459.57678	10461
459.83545	10363
460.09409	10258
460.35275	10233
460.61139	10294
460.87006	10176
461.12869	10400
461.38733	10257
461.64597	10296
461.9046	10348
462.16324	10251
462.42188	10370
462.68051	10374
462.93915	10311
463.19775	10261
463.45639	10513
463.715	10245
463.97363	10422
464.23224	10408
464.49084	10482
464.74945	10476
465.00806	10624
465.26666	10613
465.52527	10596
465.78387	10611
466.04248	10589
466.30106	10708
466.55966	10605
466.81824	10755
467.07684	10840
467.33542	10695
467.59399	10874
467.85257	10794
468.11115	11020
468.36972	10861
468.6283	11001
468.88684	11213
469.14542	11159
469.40399	11203
469.66254	11110
469.92108	11360
470.17966	11274
470.4382	11489
470.69675	11240
470.95529	11463
471.21384	11697
471.47238	11525
471.7309	11675
471.98944	11759
472.24799	12154
472.5065	11636
472.76501	11867
473.02356	11944
473.28207	12101
473.54059	12009
473.7991	12311
474.05762	12024
474.31613	12157
474.57462	12401
474.83313	12203
475.09161	12277
475.35013	12553
475.60861	12328
475.8671	12411
476.12561	12464
476.38409	12567
476.64258	12476
476.90106	12712
477.15952	12799
477.418	12890
477.67648	12909
477.93494	12734
478.19339	12766
478.45187	12809
478.71033	13054
478.96878	12798
479.22723	12973
479.48569	12824
479.74414	13003
480.00259	12960
480.26102	12825
480.51947	13103
480.77789	12912
481.03635	13087
481.29477	13076
481.55319	13231
481.81161	13332
482.07004	13018
482.32846	13121
482.58688	13198
482.84528	13183
483.1037	12949
483.36209	13095
483.62051	13065
483.87891	13203
484.1373	13199
484.39569	13216
484.65408	13171
484.91248	13135
485.17087	13030
485.42923	13125
485.68762	13160
485.94598	13068
486.20438	13081
486.46274	13194
486.7211	12894
486.97946	13233
487.23782	13073
487.49619	13232
487.75455	13222
488.01291	13052
488.27124	13153
488.5296	13160
488.78793	13325
489.04626	12993
489.3046	13200
489.56293	13214
489.82126	13251
490.07959	13010
490.33792	13042
490.59622	13126
490.85455	13140
491.11285	13016
491.37119	13071
491.62949	12889
491.88779	13124
492.14609	12904
492.40439	13360
492.66269	12936
492.92096	13184
493.17926	13065
493.43756	13183
493.69583	12904
493.9541	13156
494.21237	13050
494.47064	12812
494.72891	13041
494.98718	12947
495.24545	12939
495.50372	12778
495.76196	13000
496.0202	12967
496.27847	12845
496.53671	12983
496.79495	13142
497.05319	12924
497.31143	12844
497.56967	12699
497.82788	12807
498.08612	13129
498.34433	12917
498.60257	12857
498.86078	12897
499.11899	12783
499.3772	12974
499.63541	12653
499.89362	12835
500.15179	12689
500.41	12897
500.66818	12906
500.92639	12645
501.18457	12591
501.44275	12576
501.70093	12768
501.95911	12642
502.21729	12742
502.47546	12549
502.73361	12848
502.99179	12694
503.24994	12907
503.50809	12557
503.76624	12626
504.02438	12559
504.28253	12330
504.54068	12675
504.79883	12824
505.05695	12629
505.31509	12403
505.57321	12372
505.83133	12522
506.08945	12699
506.34756	12539
506.60568	12576
506.8638	12556
507.12192	12429
507.38	12565
507.63812	12407
507.89621	12373
508.1543	12422
508.41238	12572
508.67047	12633
508.92856	12355
509.18665	12540
509.4447	12537
509.70279	12319
509.96085	12282
510.2189	12329
510.47699	12182
510.73505	12307
510.9931	12302
511.25113	12334
511.50919	12176
511.76724	12075
512.02527	12138
512.28333	12000
512.54132	12158
512.79938	12152
513.05737	12094
513.31543	11988
513.57343	12074
513.83142	12048
514.08948	11900
514.34747	11826
514.60547	11804
514.86346	11827
515.12146	12003
515.37946	12076
515.63745	12045
515.89545	11918
516.15338	11813
516.41138	11854
516.66937	12040
516.92731	11960
517.1853	11958
517.44324	11710
517.70123	11646
517.95917	11624
518.2171	11525
518.4751	11642
518.73303	11599
518.99097	11539
519.2489	11662
519.50684	11553
519.76477	11519
520.02271	11532
520.28058	11637
520.53851	11417
520.79645	11384
521.05432	11554
521.31226	11416
521.57013	11330
521.82806	11317
522.08594	11297
522.34381	11047
522.60175	11193
522.85962	11236
523.11749	11214
523.37537	11164
523.63324	11263
523.89111	11271
524.14899	10970
524.40686	11156
524.66467	10746
524.92255	11024
525.18036	11005
525.43823	10842
525.69604	11065
525.95392	10852
526.21173	10837
526.4696	10789
526.72742	10863
526.98523	10627
527.24304	10781
527.50085	10846
527.75867	10651
528.01648	10599
528.27429	10700
528.53204	10513
528.78986	10668
529.04767	10563
529.30542	10540
529.56323	10408
529.82098	10479
530.0788	10440
530.33655	10386
530.5943	10351
530.85205	10387
531.10986	10358
531.36761	10376
531.62537	10182
531.88312	10415
532.14081	10144
532.39856	10291
532.65631	10016
532.91406	10019
533.17175	10175
533.4295	10352
533.68719	10191
533.94495	9938
534.20264	10164
534.46033	10142
534.71802	10025
534.97571	10043
535.2334	9988
535.49109	9887
535.74878	9838
536.00647	9921
536.26416	9788
536.52185	10005
536.77948	9676
537.03717	9772
537.29486	9639
537.55249	9831
537.81012	9619
538.06781	9867
538.32544	9553
538.58307	9540
538.8407	9592
539.09833	9541
539.35596	9471
539.61359	9361
539.87122	9454
540.12885	9291
540.38647	9328
540.64404	9407
540.90167	9184
541.15924	9083
541.41687	9231
541.67444	9374
541.93201	9228
542.18964	9179
542.4472	8959
542.70477	9174
542.96234	9151
543.21991	9103
543.47748	9075
543.73499	8998
543.99255	8866
544.25012	8882
544.50763	8734
544.7652	8770
545.02271	8858
545.28027	8790
545.53778	8700
545.79529	8874
546.05286	8765
546.31036	8513
546.56787	8636
546.82538	8798
547.08289	8640
547.34033	8559
547.59784	8590
547.85535	8480
548.11279	8479
548.3703	8411
548.62775	8485
548.88525	8334
549.1427	8539
549.40015	8394
549.65765	8383
549.9151	8426
550.17255	8375
550.42999	8215
550.68744	8202
550.94482	8155
551.20227	8127
551.45972	8428
551.7171	8192
551.97455	8148
552.23193	8183
552.48938	8102
552.74677	8090
553.00415	8162
553.2616	7916
553.51898	7999
553.77637	7931
554.03375	7677
554.29114	7957
554.54846	7962
554.80585	7852
555.06323	7959
555.32056	7822
555.57794	7789
555.83527	7858
556.09265	7880
556.34998	7621
556.6073	7691
556.86462	7544
557.12195	7507
557.37927	7619
557.6366	7500
557.89392	7635
558.15125	7621
558.40857	7667
558.66583	7461
558.92316	7291
559.18042	7478
559.43774	7313
559.69501	7267
559.95227	7424
560.20953	7349
560.4668	7319
560.72406	7440
560.98132	7203
561.23859	7321
561.49585	7264
561.75311	7216
562.01031	7121
562.26758	6914
562.52478	7196
562.78204	7221
563.03925	7024
563.29651	7131
563.55371	7104
563.81091	7127
564.06812	6972
564.32532	7068
564.58252	6944
564.83966	6834
565.09686	6802
565.35406	6937
565.61121	7003
565.86841	6752
566.12555	6833
566.38275	6875
566.63989	6687
566.89703	6712
567.15417	6807
567.41132	6705
567.66846	6678
567.9256	6613
568.18274	6757
568.43988	6567
568.69696	6594
568.9541	6713
569.21118	6497
569.46832	6484
569.7254	6554
569.98248	6559
570.23956	6477
570.4967	6393
570.75378	6386
571.01086	6373
571.26788	6222
571.52496	6328
571.78204	6374
572.03906	6308
572.29614	6248
572.55316	6327
572.81024	6162
573.06726	6285
573.32428	6140
573.58136	6237
573.83838	6023
574.0954	6108
574.35236	6044
574.60938	5958
574.86639	6076
575.12341	5995
575.38037	6120
575.63739	5972
575.89435	6060
576.15137	6215
576.40833	5864
576.66528	6009
576.92224	5874
577.1792	6020
577.43616	5974
577.69312	5835
577.95007	5970
578.20697	5790
578.46393	5894
578.72089	5888
578.97778	5747
579.23468	5887
579.49164	5780
579.74854	5720
580.00543	5789
580.26233	5684
580.51923	5704
580.77612	5654
581.03302	5566
581.28986	5746
581.54675	5567
581.80359	5607
582.06049	5610
582.31732	5610
582.57422	5485
582.83105	5498
583.08789	5456
583.34473	5559
583.60156	5507
583.8584	5562
584.11523	5378
584.37201	5350
584.62885	5324
584.88568	5324
585.14246	5364
585.39923	5325
585.65607	5323
585.91284	5413
586.16962	5197
586.42639	5270
586.68317	5285
586.93994	5360
587.19672	5263
587.45343	5336
587.71021	5140
587.96698	5180
588.22369	5146
588.48041	5212
588.73718	5197
588.9939	5180
589.25061	5147
589.50732	5195
589.76404	5230
590.02075	4862
590.27747	5081
590.53412	5060
590.79083	5036
591.04755	5093
591.3042	5035
591.56085	4979
591.81757	5054
592.07422	4973
592.33087	5038
592.58752	4879
592.84418	4972
593.10083	4981
593.35742	4791
593.61407	4848
593.87073	4969
594.12732	4851
594.38391	4743
594.64056	4748
594.89716	4786
595.15375	4756
595.41034	4794
595.66693	4767
595.92352	4685
596.18011	4779
596.43671	4700
596.69324	4886
596.94983	4586
597.20636	4751
597.46289	4630
597.71948	4621
597.97601	4679
598.23254	4594
598.48907	4637
598.74561	4537
599.00214	4605
599.25861	4631
599.51514	4556
599.77167	4401
600.02814	4586
600.28461	4578
600.54114	4579
600.79761	4531
601.05408	4396
601.31055	4512
601.56702	4507
601.82349	4478
602.07996	4408
602.33636	4457
602.59283	4366
602.84924	4371
603.10571	4348
603.36212	4381
603.61853	4400
603.87494	4299
604.13135	4250
604.38776	4321
604.64417	4388
604.90057	4340
605.15698	4255
605.41333	4268
605.66974	4441
605.92609	4291
606.1825	4227
606.43884	4195
606.69519	4248
606.95154	4219
607.20789	4126
607.46423	4261
607.72058	4227
607.97687	4252
608.23322	4185
608.4895	4159
608.74585	4010
609.00214	4115
609.25842	4062
609.51471	4154
609.771	4134
610.02728	3951
610.28357	4140
610.53986	4156
610.79614	3952
611.05237	3922
611.30865	3993
611.56488	3983
611.82111	4006
612.07739	3991
612.33362	3885
612.58984	3891
612.84607	3961
613.10223	3951
613.35846	4042
613.61469	4046
613.87085	3930
614.12708	3906
614.38324	3795
614.63947	3876
614.89563	3909
615.15179	3788
615.40796	4035
615.66412	3803
615.92023	3890
616.17639	3876
616.43256	3997
616.68866	3830
616.94482	3795
617.20093	3864
617.45703	3737
617.71313	3862
617.9693	3762
618.22534	3803
618.48145	3822
618.73755	3769
618.99365	3631
619.24969	3654
619.5058	3720
619.76184	3725
620.01788	3668
620.27399	3646
620.53003	3712
620.78607	3714
621.04211	3686
621.2981	3637
621.55414	3721
621.81018	3716
622.06616	3630
622.3222	3590
622.57819	3615
622.83417	3621
623.09015	3689
623.34613	3571
623.60211	3667
623.85809	3577
624.11407	3609
624.37006	3613
624.62598	3594
624.88196	3633
625.13788	3477
625.3938	3516
625.64972	3579
625.9057	3515
626.16162	3453
626.41748	3490
626.6734	3503
626.92932	3537
627.18518	3347
627.4411	3524
627.69696	3574
627.95288	3570
628.20874	3442
628.4646	3473
628.72046	3404
628.97632	3454
629.23218	3490
629.48798	3515
629.74384	3484
629.99963	3477
630.25549	3349
630.51129	3350
630.76709	3510
631.02289	3419
631.27869	3382
631.53448	3487
631.79028	3411
632.04608	3419
632.30182	3373
632.55762	3520
632.81335	3373
633.06915	3266
633.32489	3345
633.58063	3238
633.83636	3382
634.0921	3314
634.34784	3355
634.60352	3301
634.85925	3275
635.11493	3296
635.37067	3270
635.62634	3356
635.88202	3260
636.1377	3325
636.39337	3316
636.64905	3358
636.90472	3253
637.1604	3266
637.41602	3290
637.67169	3364
637.92731	3264
638.18298	3272
638.4386	3203
638.69421	3236
638.94983	3174
639.20544	3262
639.46106	3286
639.71661	3295
639.97223	3187
640.22778	3302
640.4834	3227
640.73895	3198
640.99451	3348
641.25006	3304
641.50562	3164
641.76117	3234
642.01672	3271
642.27222	3222
642.52777	3304
642.78326	3122
643.03882	3241
643.29431	3204
643.5498	3140
643.8053	3230
644.06079	3172
644.31628	3206
644.57178	3229
644.82721	3291
645.0827	3172
645.33813	3096
645.59357	3110
645.84906	3199
646.10449	3177
646.35992	3159
646.61536	3032
646.87073	3168
647.12616	3125
647.38159	3152
647.63696	3090
647.8924	3181
648.14777	3213
648.40314	3223
648.65851	3192
648.91388	3185
649.16925	3185
649.42462	3072
649.67993	3108
649.9353	3170
650.19061	3136
650.44592	3179
650.70129	3148
650.9566	3154
651.21191	3139
651.46722	3150
651.72247	3140
651.97778	3240
652.23309	3249
652.48834	3042
652.74365	3080
652.9989	3055
653.25415	3090
653.5094	3106
653.76465	3210
654.0199	3121
654.27509	3134
654.53033	3052
654.78558	3216
655.04077	3091
655.29596	3230
655.55115	3090
655.80634	3081
656.06152	3137
656.31671	3114
656.5719	3124
656.82709	3192
657.08221	3123
657.3374	3178
657.59253	3060
657.84766	3172
658.10278	3102
658.35791	3227
658.61304	3176
658.86816	3164
659.12329	3213
659.37836	3182
659.63348	3144
659.88855	3259
660.14362	3159
660.39868	3122
660.65375	3150
660.90881	3183
661.16388	3139
661.41895	3160
661.67395	3127
661.92902	3143
662.18402	3056
662.43903	3207
662.69403	3210
662.94904	3051
663.20404	3150
663.45905	3177
663.71405	3170
663.96899	2935
664.224	3126
664.47894	3078
664.73395	3134
664.98889	3103
665.24384	3137
665.49878	3093
665.75366	3028
666.00861	3103
666.26355	3083
666.51843	3112
666.77338	3134
667.02826	3122
667.28314	3084
667.53802	3095
667.79291	2963
668.04779	3080
668.30261	2982
668.5575	3043
668.81232	3010
669.0672	3013
669.32202	3096
669.57684	3041
669.83167	2877
670.08649	2987
670.34131	3023
670.59613	2985
670.85089	3068
671.10571	3061
671.36047	3051
671.61523	2966
671.87	2989
672.12476	2995
672.37952	2942
672.63428	2972
672.88904	2937
673.14374	2956
673.3985	3042
673.6532	3030
673.9079	2935
674.1626	2939
674.4173	2994
674.672	2929
674.9267	2873
675.1814	2889
675.43604	2932
675.69073	2922
675.94537	3055
676.20001	2933
676.45465	2963
676.70929	2985
676.96393	3034
677.21857	3051
677.47314	3219
677.72778	3275
677.98236	3376
678.23694	3483
678.49158	3606
678.74615	3751
679.00067	4002
679.25525	4136
679.50983	4508
679.7644	4507
680.01892	4824
680.27344	4984
680.52802	5068
680.78253	5228
681.03705	5308
681.29156	5348
681.54602	5326
681.80054	5569
682.05499	5447
682.30951	5666
682.56396	5602
682.81842	5726
683.07288	5632
683.32733	5636
683.58179	5793
683.83624	5749
684.0907	5807
684.34509	5671
684.59949	5530
684.85394	5708
685.10834	5795
685.36273	5725
685.61713	5749
685.87146	5635
686.12585	5560
686.38025	5603
686.63458	5622
686.88892	5730
687.14325	5638
687.39764	5647
687.65192	5560
687.90625	5567
688.16058	5442
688.41492	5368
688.66919	5402
688.92346	5464
689.1778	5373
689.43207	5192
689.68634	5443
689.94061	5340
690.19482	5219
690.4491	5206
690.70331	5186
690.95758	5142
691.21179	5091
691.466	5224
691.72021	5102
691.97443	4971
692.22864	4926
692.48285	4692
692.737	4756
692.99121	4552
693.24536	4367
693.49951	4255
693.75366	4139
694.00781	3839
694.26196	3723
694.51611	3313
694.7702	3359
695.02435	3319
695.27844	3225
695.53253	3178
695.78668	3217
696.04077	3119
696.2948	3030
696.54889	3049
696.80298	3034
697.05701	3055
697.3111	3046
697.56512	3011
697.81915	2938
698.07318	3027
698.32721	3034
698.58124	2954
698.83521	3093
699.08923	3071
699.3432	2972
699.59723	3078
699.8512	3097
700.10516	3166
700.35913	3115
700.61304	3019
700.867	3138
701.12097	3152
701.37488	3070
701.62878	3046
701.88275	3139
702.13666	3118
702.3905	3098
702.64441	3010
702.89832	3020
703.15222	3080
703.40607	3019
703.65991	3142
703.91376	3054
704.1676	3201
704.42145	3123
704.67529	3038
704.92914	3153
705.18292	3078
705.43677	3130
705.69055	3039
705.94434	2956
706.19812	3104
706.4519	3041
706.70569	3029
706.95947	2971
707.2132	3052
707.46698	3002
707.7207	3053
707.97443	2980
708.22815	3007
708.48187	2984
708.7356	2892
708.98932	2985
709.24298	3005
709.4967	2979
709.75037	3065
710.00403	2966
710.25769	3011
710.51135	3046
710.76501	2888
711.01868	2806
711.27228	2895
711.52594	2915
711.77954	2920
712.03314	2821
712.28674	2898
712.54034	2908
712.79395	2834
713.04755	2816
713.30109	2849
713.55469	2848
713.80823	2825
714.06177	2841
714.31531	2732
714.56885	2802
714.82239	2796
715.07587	2797
715.32941	2783
715.58289	2780
715.83643	2821
716.0899	2722
716.34338	2757
716.59686	2781
716.85028	2685
717.10376	2723
717.35718	2747
717.61066	2727
717.86407	2701
718.11749	2743
718.37091	2747
718.62433	2733
718.87775	2728
719.1311	2612
719.38452	2754
719.63788	2801
719.89124	2647
720.14459	2613
720.39795	2578
720.65131	2732
720.90466	2572
721.15796	2633
721.41132	2723
721.66461	2604
721.91791	2682
722.1712	2521
722.4245	2668
722.6778	2654
722.93103	2604
723.18433	2632
723.43756	2729
723.6908	2549
723.94409	2628
724.19733	2562
724.4505	2526
724.70374	2672
724.95697	2502
725.21014	2708
725.46338	2643
725.71655	2650
725.96973	2569
726.2229	2530
726.47607	2586
726.72919	2549
726.98236	2514
727.23547	2535
727.48859	2562
727.74176	2627
727.99487	2488
728.24792	2612
728.50104	2522
728.75415	2520
729.0072	2534
729.26031	2496
729.51337	2609
729.76642	2479
730.01947	2508
730.27252	2492
730.52551	2475
730.77856	2520
731.03156	2543
731.28461	2522
731.5376	2452
731.79059	2534
732.04358	2535
732.29651	2506
732.5495	2464
732.80243	2437
733.05542	2545
733.30835	2392
733.56128	2434
733.81421	2469
734.06714	2469
734.32001	2416
734.57294	2446
734.82581	2422
735.07874	2427
735.3316	2357
735.58447	2451
735.83734	2342
736.09015	2394
736.34302	2453
736.59583	2390
736.84869	2317
737.1015	2369
737.35431	2388
737.60712	2316
737.85992	2323
738.11267	2257
738.36548	2365
738.61823	2334
738.87103	2359
739.12378	2344
739.37653	2406
739.62921	2282
739.88196	2281
740.1347	2343
740.38739	2376
740.64008	2289
740.89282	2334
741.14551	2281
741.39813	2352
741.65082	2249
741.9035	2284
742.15613	2277
742.40881	2296
742.66144	2315
742.91406	2294
743.16669	2232
743.41925	2238
743.67188	2257
743.9245	2256
744.17706	2243
744.42963	2272
744.68219	2218
744.93475	2201
745.18732	2294
745.43988	2301
745.69238	2210
745.94495	2318
746.19745	2150
746.44995	2137
746.70245	2299
746.95496	2106
747.20746	2134
747.4599	2229
747.7124	2176
747.96484	2163
748.21729	2188
748.46973	2227
748.72217	2214
748.97461	2153
749.22699	2187
749.47943	2107
749.73181	2083
749.98419	2088
750.23657	2080
750.48895	2085
750.74133	2127
750.99365	2197
751.24603	2190
751.49835	2147
751.75067	2051
752.00299	2104
752.25531	2177
752.50763	2086
752.75995	2099
753.01221	2120
753.26453	2161
753.51678	2147
753.76904	2103
754.0213	2112
754.2735	2098
754.52576	2051
754.77802	2108
755.03021	2144
755.28241	2125
755.53461	2210
755.7868	2135
756.039	2093
756.2912	2013
756.54333	2010
756.79547	2001
757.04767	2002
757.2998	2048
757.55194	2101
757.80408	2104
758.05615	2048
758.30829	2007
758.56036	1974
758.81244	2051
759.06451	2002
759.31659	1971
759.56866	2054
759.82074	1996
760.07275	1984
760.32483	1916
760.57684	1978
760.82886	1950
761.08087	2044
761.33289	2002
761.58484	1956
761.83685	2002
762.08881	2004
762.34076	1939
762.59271	1954
762.84467	1916
763.09662	2019
763.34857	1990
763.60046	1902
763.85242	1950
764.10431	1996
764.3562	1945
764.60809	1939
764.85999	1985
765.11182	1903
765.36371	1943
765.61554	1964
765.86737	1914
766.1192	1957
766.37103	1983
766.62286	1948
766.87463	1965
767.12646	1952
767.37823	1920
767.63	1856
767.88177	1948
768.13354	1876
768.38531	1870
768.63708	1894
768.88879	1807
769.1405	1937
769.39221	1894
769.64392	1836
769.89563	1885
770.14734	1811
770.39905	1805
770.6507	1927
770.90234	1805
771.15399	1832
771.40564	1881
771.65729	1782
771.90894	1844
772.16052	1811
772.41217	1829
772.66376	1878
772.91534	1806
773.16693	1833
773.41852	1778
773.67004	1748
773.92163	1798
774.17316	1746
774.42468	1806
774.67627	1841
774.92773	1821
775.17926	1770
775.43079	1725
775.68225	1741
775.93378	1840
776.18524	1740
776.43671	1722
776.68817	1765
776.93958	1813
777.19104	1778
777.44244	1769
777.69391	1722
777.94531	1638
778.19672	1752
778.44806	1738
778.69946	1774
778.95087	1702
779.20221	1763
779.45355	1689
779.7049	1672
779.95624	1753
780.20758	1776
780.45892	1686
780.71021	1746
780.96149	1701
781.21277	1714
781.46405	1656
781.71533	1714
781.96661	1765
782.2179	1708
782.46912	1637
782.72034	1642
782.97156	1722
783.22278	1621
783.474	1771
783.72522	1646
783.97638	1693
784.2276	1681
784.47876	1587
784.72992	1618
784.98108	1690
785.23218	1597
785.48334	1683
785.7345	1583
785.9856	1635
786.23669	1580
786.48779	1680
786.73889	1676
786.98993	1661
787.24103	1629
787.49207	1663
787.74316	1568
787.9942	1617
788.24518	1646
788.49622	1620
788.74725	1617
788.99823	1697
789.24927	1643
789.50024	1610
789.75122	1697
790.0022	1625
790.25311	1629
790.50409	1649
790.755	1648
791.00592	1689
791.25684	1679
791.50775	1709
791.75867	1738
792.00958	1710
792.26044	1658
792.51129	1702
792.76221	1738
793.01306	1686
793.26385	1761
793.51471	1693
793.76556	1756
794.01636	1767
794.26715	1795
794.51794	1823
794.76874	1827
795.01953	1824
795.27032	1851
795.52106	1811
795.77179	1921
796.02252	1826
796.27325	1820
796.52399	1868
796.77472	1888
797.02539	1818
797.27612	1810
797.52679	1872
797.77747	1847
798.02814	1814
798.27875	1860
798.52942	1959
798.78003	1764
799.0307	1894
799.28131	1947
799.53192	1844
799.78253	1838
800.03308	1777
800.28369	1880
800.53424	1906
800.78479	1801
801.03534	1883
801.28589	1914
801.53644	1815
801.78693	1785
802.03741	1839
802.28796	1835
802.53845	1873
802.78894	1793
803.03937	1757
803.28986	1853
803.54028	1782
803.79077	1814
804.0412	1802
804.29163	1844
804.54199	1848
804.79242	1924
805.04279	1874
805.29321	1857
805.54358	1828
805.79395	1876
806.04431	1846
806.29462	1767
806.54498	1743
806.79529	1835
807.04559	1868
807.2959	1735
807.5462	1773
807.79651	1789
808.04681	1755
808.29706	1773
808.5473	1697
808.79755	1795
809.04779	1743
809.29803	1769
809.54828	1753
809.79846	1812
810.04865	1671
810.29883	1681
810.54901	1763
810.79919	1742
811.04938	1698
811.2995	1727
811.54962	1675
811.7998	1719
812.04993	1634
812.29999	1616
812.55011	1616
812.80023	1636
813.05029	1676
813.30035	1639
813.55042	1567
813.80048	1605
814.05054	1592
814.30054	1531
814.55054	1588
814.8006	1681
815.0506	1599
815.3006	1628
815.55054	1659
815.80054	1571
816.05048	1534
816.30042	1517
816.55042	1522
816.80029	1581
817.05023	1528
817.30017	1477
817.55005	1578
817.79993	1493
818.0498	1470
818.29968	1473
818.54956	1488
818.79944	1486
819.04926	1594
819.29907	1529
819.54895	1565
819.79877	1475
820.04852	1440
820.29834	1512
820.5481	1445
820.79791	1424
821.04767	1466
821.29742	1413
821.54712	1404
821.79688	1433
822.04663	1381
822.29633	1431
822.54602	1381
822.79572	1413
823.04541	1373
823.29504	1394
823.54474	1412
823.79437	1403
824.04401	1314
824.29364	1381
824.54327	1366
824.79291	1364
825.04248	1365
825.29211	1347
825.54169	1276
825.79126	1337
826.04077	1326
